kind,path,detail,introduced_by_pr
Preceded copyright header,score/mw/com/rust/design/architecture.puml,Copyright header in score/mw/com/rust/design/architecture.puml is preceded by other content and doesn't match the expected format (similarity to template: 83%),false
Preceded copyright header,score/mw/com/rust/design/architecture_layers.puml,Copyright header in score/mw/com/rust/design/architecture_layers.puml is preceded by other content and doesn't match the expected format (similarity to template: 83%),false
Preceded copyright header,score/mw/com/rust/design/module_structure.puml,Copyright header in score/mw/com/rust/design/module_structure.puml is preceded by other content and doesn't match the expected format (similarity to template: 83%),false
Preceded copyright header,score/mw/com/rust/design/sequence_diagram/async_cancellable_receive_data.puml,Copyright header in score/mw/com/rust/design/sequence_diagram/async_cancellable_receive_data.puml is preceded by other content and doesn't match the expected format (similarity to template: 83%),false
Preceded copyright header,score/mw/com/rust/design/sequence_diagram/async_find_service_and_subscribe.puml,Copyright header in score/mw/com/rust/design/sequence_diagram/async_find_service_and_subscribe.puml is preceded by other content and doesn't match the expected format (similarity to template: 83%),false
Preceded copyright header,score/mw/com/rust/design/sequence_diagram/async_receive_data.puml,Copyright header in score/mw/com/rust/design/sequence_diagram/async_receive_data.puml is preceded by other content and doesn't match the expected format (similarity to template: 83%),false
Preceded copyright header,score/mw/com/rust/design/sequence_diagram/async_stream_data.puml,Copyright header in score/mw/com/rust/design/sequence_diagram/async_stream_data.puml is preceded by other content and doesn't match the expected format (similarity to template: 83%),false
Preceded copyright header,score/mw/com/rust/design/sequence_diagram/complete_publisher_subscriber_cycle.puml,Copyright header in score/mw/com/rust/design/sequence_diagram/complete_publisher_subscriber_cycle.puml is preceded by other content and doesn't match the expected format (similarity to template: 83%),false
Preceded copyright header,score/mw/com/rust/design/sequence_diagram/consumer_initialization.puml,Copyright header in score/mw/com/rust/design/sequence_diagram/consumer_initialization.puml is preceded by other content and doesn't match the expected format (similarity to template: 83%),false
Preceded copyright header,score/mw/com/rust/design/sequence_diagram/producer_initialization.puml,Copyright header in score/mw/com/rust/design/sequence_diagram/producer_initialization.puml is preceded by other content and doesn't match the expected format (similarity to template: 83%),false
Preceded copyright header,score/mw/com/rust/design/sequence_diagram/sync_find_service_and_subscribe.puml,Copyright header in score/mw/com/rust/design/sequence_diagram/sync_find_service_and_subscribe.puml is preceded by other content and doesn't match the expected format (similarity to template: 83%),false
Preceded copyright header,score/mw/com/rust/design/sequence_diagram/sync_offer_service.puml,Copyright header in score/mw/com/rust/design/sequence_diagram/sync_offer_service.puml is preceded by other content and doesn't match the expected format (similarity to template: 83%),false
Preceded copyright header,score/mw/com/rust/design/sequence_diagram/sync_receive_data.puml,Copyright header in score/mw/com/rust/design/sequence_diagram/sync_receive_data.puml is preceded by other content and doesn't match the expected format (similarity to template: 83%),false
Preceded copyright header,score/mw/com/rust/design/sequence_diagram/sync_send_data.puml,Copyright header in score/mw/com/rust/design/sequence_diagram/sync_send_data.puml is preceded by other content and doesn't match the expected format (similarity to template: 83%),false
Duplicate copyright header,third_party/cr_checker/templates.ini,Duplicate copyright header in: third_party/cr_checker/templates.ini (repeated headers are 99% similar -- likely the same header pasted twice),false
Missing copyright header,quality/unit_testing/unit_testing.bzl,"Missing copyright header in: quality/unit_testing/unit_testing.bzl, use --fix to introduce it",false
Missing copyright header,score/memory/shared/design/anonymous_memory_allocation_seq.puml,"Missing copyright header in: score/memory/shared/design/anonymous_memory_allocation_seq.puml, use --fix to introduce it",false
Missing copyright header,score/memory/shared/design/bounds_checking.puml,"Missing copyright header in: score/memory/shared/design/bounds_checking.puml, use --fix to introduce it",false
Missing copyright header,score/memory/shared/design/get_owner_uid_seq.puml,"Missing copyright header in: score/memory/shared/design/get_owner_uid_seq.puml, use --fix to introduce it",false
Missing copyright header,score/memory/shared/design/memory_allocation.puml,"Missing copyright header in: score/memory/shared/design/memory_allocation.puml, use --fix to introduce it",false
Missing copyright header,score/memory/shared/design/memory_allocation_workflow_seq.puml,"Missing copyright header in: score/memory/shared/design/memory_allocation_workflow_seq.puml, use --fix to introduce it",false
Missing copyright header,score/memory/shared/design/named_memory_allocation_seq.puml,"Missing copyright header in: score/memory/shared/design/named_memory_allocation_seq.puml, use --fix to introduce it",false
Missing copyright header,score/message_passing/dependability/software_architectural_design/client_connection_activity_diagram.puml,"Missing copyright header in: score/message_passing/dependability/software_architectural_design/client_connection_activity_diagram.puml, use --fix to introduce it",false
Missing copyright header,score/mw/com/dependability/software_architectural_design/generalized_gateway/assets/gateway_forward_data_samples_sequence.puml,"Missing copyright header in: score/mw/com/dependability/software_architectural_design/generalized_gateway/assets/gateway_forward_data_samples_sequence.puml, use --fix to introduce it",false
Missing copyright header,score/mw/com/dependability/software_architectural_design/generalized_gateway/assets/gateway_proxy_instantiation_sequence.puml,"Missing copyright header in: score/mw/com/dependability/software_architectural_design/generalized_gateway/assets/gateway_proxy_instantiation_sequence.puml, use --fix to introduce it",false
Missing copyright header,score/mw/com/dependability/software_architectural_design/generalized_gateway/assets/gateway_receive_data_samples_sequence.puml,"Missing copyright header in: score/mw/com/dependability/software_architectural_design/generalized_gateway/assets/gateway_receive_data_samples_sequence.puml, use --fix to introduce it",false
Missing copyright header,score/mw/com/dependability/software_architectural_design/generalized_gateway/assets/gateway_skeleton_instantiation_sequence.puml,"Missing copyright header in: score/mw/com/dependability/software_architectural_design/generalized_gateway/assets/gateway_skeleton_instantiation_sequence.puml, use --fix to introduce it",false
Missing copyright header,score/mw/com/dependability/software_architectural_design/generalized_gateway/transport_layer/assets/transport_layer_forward_samples_sequence.puml,"Missing copyright header in: score/mw/com/dependability/software_architectural_design/generalized_gateway/transport_layer/assets/transport_layer_forward_samples_sequence.puml, use --fix to introduce it",false
Missing copyright header,score/mw/com/dependability/software_architectural_design/generalized_gateway/transport_layer/assets/transport_layer_provide_service_no_memory_sharing_sequence.puml,"Missing copyright header in: score/mw/com/dependability/software_architectural_design/generalized_gateway/transport_layer/assets/transport_layer_provide_service_no_memory_sharing_sequence.puml, use --fix to introduce it",false
Missing copyright header,score/mw/com/dependability/software_architectural_design/generalized_gateway/transport_layer/assets/transport_layer_provide_service_with_memory_sharing_sequence.puml,"Missing copyright header in: score/mw/com/dependability/software_architectural_design/generalized_gateway/transport_layer/assets/transport_layer_provide_service_with_memory_sharing_sequence.puml, use --fix to introduce it",false
Missing copyright header,score/mw/com/dependability/software_architectural_design/generalized_gateway/transport_layer/assets/transport_layer_register_update_notification_sequence.puml,"Missing copyright header in: score/mw/com/dependability/software_architectural_design/generalized_gateway/transport_layer/assets/transport_layer_register_update_notification_sequence.puml, use --fix to introduce it",false
Missing copyright header,score/mw/com/dependability/software_architectural_design/generalized_gateway/transport_layer/assets/transport_layer_start_stop_offer_service_sequence.puml,"Missing copyright header in: score/mw/com/dependability/software_architectural_design/generalized_gateway/transport_layer/assets/transport_layer_start_stop_offer_service_sequence.puml, use --fix to introduce it",false
Missing copyright header,score/mw/com/dependability/software_architectural_design/method/assets/init_call_method.puml,"Missing copyright header in: score/mw/com/dependability/software_architectural_design/method/assets/init_call_method.puml, use --fix to introduce it",false
Missing copyright header,score/mw/com/dependability/software_architectural_design/method/assets/process_method_call.puml,"Missing copyright header in: score/mw/com/dependability/software_architectural_design/method/assets/process_method_call.puml, use --fix to introduce it",false
Missing copyright header,score/mw/com/dependability/software_architectural_design/partial_restart/assets/offer_service.puml,"Missing copyright header in: score/mw/com/dependability/software_architectural_design/partial_restart/assets/offer_service.puml, use --fix to introduce it",false
Missing copyright header,score/mw/com/dependability/software_architectural_design/partial_restart/assets/stop_offer_service.puml,"Missing copyright header in: score/mw/com/dependability/software_architectural_design/partial_restart/assets/stop_offer_service.puml, use --fix to introduce it",false
Missing copyright header,score/mw/com/dependability/software_architectural_design/pci_e_gateway/assets/proxy_instantiate_sequence.puml,"Missing copyright header in: score/mw/com/dependability/software_architectural_design/pci_e_gateway/assets/proxy_instantiate_sequence.puml, use --fix to introduce it",false
Missing copyright header,score/mw/com/dependability/software_architectural_design/pci_e_gateway/assets/proxy_poll_data_forward_sequence.puml,"Missing copyright header in: score/mw/com/dependability/software_architectural_design/pci_e_gateway/assets/proxy_poll_data_forward_sequence.puml, use --fix to introduce it",false
Missing copyright header,score/mw/com/dependability/software_architectural_design/pci_e_gateway/assets/receive_data_skeleton_send_sequence.puml,"Missing copyright header in: score/mw/com/dependability/software_architectural_design/pci_e_gateway/assets/receive_data_skeleton_send_sequence.puml, use --fix to introduce it",false
Missing copyright header,score/mw/com/dependability/software_architectural_design/pci_e_gateway/assets/skeleton_instantiate_sequence.puml,"Missing copyright header in: score/mw/com/dependability/software_architectural_design/pci_e_gateway/assets/skeleton_instantiate_sequence.puml, use --fix to introduce it",false
Missing copyright header,score/mw/com/dependability/software_architectural_design/service-discov/assets/create_proxy_instance.puml,"Missing copyright header in: score/mw/com/dependability/software_architectural_design/service-discov/assets/create_proxy_instance.puml, use --fix to introduce it",false
Missing copyright header,score/mw/com/dependability/software_architectural_design/service-discov/assets/find_service.puml,"Missing copyright header in: score/mw/com/dependability/software_architectural_design/service-discov/assets/find_service.puml, use --fix to introduce it",false
Missing copyright header,score/mw/com/dependability/software_architectural_design/service-discov/assets/offer_service.puml,"Missing copyright header in: score/mw/com/dependability/software_architectural_design/service-discov/assets/offer_service.puml, use --fix to introduce it",false
Missing copyright header,score/mw/com/design/configuration/sequence_parsing_view.puml,"Missing copyright header in: score/mw/com/design/configuration/sequence_parsing_view.puml, use --fix to introduce it",false
Missing copyright header,score/mw/com/design/configuration/sequence_startup_view.puml,"Missing copyright header in: score/mw/com/design/configuration/sequence_startup_view.puml, use --fix to introduce it",false
Missing copyright header,score/mw/com/design/configuration/sequence_view.puml,"Missing copyright header in: score/mw/com/design/configuration/sequence_view.puml, use --fix to introduce it",false
Missing copyright header,score/mw/com/design/configuration/structural_view.puml,"Missing copyright header in: score/mw/com/design/configuration/structural_view.puml, use --fix to introduce it",false
Missing copyright header,score/mw/com/design/configuration/structural_view_refactored.puml,"Missing copyright header in: score/mw/com/design/configuration/structural_view_refactored.puml, use --fix to introduce it",false
Missing copyright header,score/mw/com/design/doxygen_build/BUILD,"Missing copyright header in: score/mw/com/design/doxygen_build/BUILD, use --fix to introduce it",false
Missing copyright header,score/mw/com/design/events_fields/event_lola_model.puml,"Missing copyright header in: score/mw/com/design/events_fields/event_lola_model.puml, use --fix to introduce it",false
Missing copyright header,score/mw/com/design/events_fields/event_poll_lola_seq.puml,"Missing copyright header in: score/mw/com/design/events_fields/event_poll_lola_seq.puml, use --fix to introduce it",false
Missing copyright header,score/mw/com/design/events_fields/get_new_samples_activity.puml,"Missing copyright header in: score/mw/com/design/events_fields/get_new_samples_activity.puml, use --fix to introduce it",false
Missing copyright header,score/mw/com/design/events_fields/lola_coherent_set_writing_activity.puml,"Missing copyright header in: score/mw/com/design/events_fields/lola_coherent_set_writing_activity.puml, use --fix to introduce it",false
Missing copyright header,score/mw/com/design/events_fields/lola_event_allocate_activity.puml,"Missing copyright header in: score/mw/com/design/events_fields/lola_event_allocate_activity.puml, use --fix to introduce it",false
Missing copyright header,score/mw/com/design/events_fields/lola_event_allocate_mixed_critical_activity.puml,"Missing copyright header in: score/mw/com/design/events_fields/lola_event_allocate_mixed_critical_activity.puml, use --fix to introduce it",false
Missing copyright header,score/mw/com/design/events_fields/lola_message_passing_model.puml,"Missing copyright header in: score/mw/com/design/events_fields/lola_message_passing_model.puml, use --fix to introduce it",false
Missing copyright header,score/mw/com/design/events_fields/lola_msg_pass_event_notify.puml,"Missing copyright header in: score/mw/com/design/events_fields/lola_msg_pass_event_notify.puml, use --fix to introduce it",false
Missing copyright header,score/mw/com/design/events_fields/lola_msg_pass_initialize_seq.puml,"Missing copyright header in: score/mw/com/design/events_fields/lola_msg_pass_initialize_seq.puml, use --fix to introduce it",false
Missing copyright header,score/mw/com/design/events_fields/lola_msg_pass_subscribe_seq.puml,"Missing copyright header in: score/mw/com/design/events_fields/lola_msg_pass_subscribe_seq.puml, use --fix to introduce it",false
Missing copyright header,score/mw/com/design/events_fields/lola_reference_next_event_activity.puml,"Missing copyright header in: score/mw/com/design/events_fields/lola_reference_next_event_activity.puml, use --fix to introduce it",false
Missing copyright header,score/mw/com/design/events_fields/proxy_event_state_machine.puml,"Missing copyright header in: score/mw/com/design/events_fields/proxy_event_state_machine.puml, use --fix to introduce it",false
Missing copyright header,score/mw/com/design/events_fields/proxy_event_state_machine_model.puml,"Missing copyright header in: score/mw/com/design/events_fields/proxy_event_state_machine_model.puml, use --fix to introduce it",false
Missing copyright header,score/mw/com/design/events_fields/sampleptr_ref_counting.puml,"Missing copyright header in: score/mw/com/design/events_fields/sampleptr_ref_counting.puml, use --fix to introduce it",false
Missing copyright header,score/mw/com/design/ipc_tracing/sequence_api_trace_setup.puml,"Missing copyright header in: score/mw/com/design/ipc_tracing/sequence_api_trace_setup.puml, use --fix to introduce it",false
Missing copyright header,score/mw/com/design/ipc_tracing/sequence_layer_interaction_sample.puml,"Missing copyright header in: score/mw/com/design/ipc_tracing/sequence_layer_interaction_sample.puml, use --fix to introduce it",false
Missing copyright header,score/mw/com/design/ipc_tracing/structural_event_field_extensions.puml,"Missing copyright header in: score/mw/com/design/ipc_tracing/structural_event_field_extensions.puml, use --fix to introduce it",false
Missing copyright header,score/mw/com/design/ipc_tracing/structural_view.puml,"Missing copyright header in: score/mw/com/design/ipc_tracing/structural_view.puml, use --fix to introduce it",false
Missing copyright header,score/mw/com/design/partial_restart/proxy_restart_sequence.puml,"Missing copyright header in: score/mw/com/design/partial_restart/proxy_restart_sequence.puml, use --fix to introduce it",false
Missing copyright header,score/mw/com/design/partial_restart/skeleton_restart_sequence.puml,"Missing copyright header in: score/mw/com/design/partial_restart/skeleton_restart_sequence.puml, use --fix to introduce it",false
Missing copyright header,score/mw/com/design/partial_restart/transaction_log_model.puml,"Missing copyright header in: score/mw/com/design/partial_restart/transaction_log_model.puml, use --fix to introduce it",false
Missing copyright header,score/mw/com/design/runtime/runtime_sequence_view.puml,"Missing copyright header in: score/mw/com/design/runtime/runtime_sequence_view.puml, use --fix to introduce it",false
Missing copyright header,score/mw/com/design/runtime/runtime_structural_view.puml,"Missing copyright header in: score/mw/com/design/runtime/runtime_structural_view.puml, use --fix to introduce it",false
Missing copyright header,score/mw/com/design/service_discovery/sequence_view.puml,"Missing copyright header in: score/mw/com/design/service_discovery/sequence_view.puml, use --fix to introduce it",false
Missing copyright header,score/mw/com/design/service_discovery/structural_view.puml,"Missing copyright header in: score/mw/com/design/service_discovery/structural_view.puml, use --fix to introduce it",false
Missing copyright header,score/mw/com/design/shared_mem_layout/shared_mem_layout_classdiagram.puml,"Missing copyright header in: score/mw/com/design/shared_mem_layout/shared_mem_layout_classdiagram.puml, use --fix to introduce it",false
Missing copyright header,score/mw/com/design/shared_mem_layout/shared_mem_layout_objectdiagram.puml,"Missing copyright header in: score/mw/com/design/shared_mem_layout/shared_mem_layout_objectdiagram.puml, use --fix to introduce it",false
Missing copyright header,score/mw/com/design/skeleton_proxy/generic_proxy/generic_proxy_model.puml,"Missing copyright header in: score/mw/com/design/skeleton_proxy/generic_proxy/generic_proxy_model.puml, use --fix to introduce it",false
Missing copyright header,score/mw/com/design/skeleton_proxy/generic_skeleton/generic_skeleton_model.puml,"Missing copyright header in: score/mw/com/design/skeleton_proxy/generic_skeleton/generic_skeleton_model.puml, use --fix to introduce it",false
Missing copyright header,score/mw/com/design/skeleton_proxy/proxy_binding_model.puml,"Missing copyright header in: score/mw/com/design/skeleton_proxy/proxy_binding_model.puml, use --fix to introduce it",false
Missing copyright header,score/mw/com/design/skeleton_proxy/skeleton_binding_model.puml,"Missing copyright header in: score/mw/com/design/skeleton_proxy/skeleton_binding_model.puml, use --fix to introduce it",false
Missing copyright header,score/mw/com/design/skeleton_proxy/skeleton_create_offer_seq.puml,"Missing copyright header in: score/mw/com/design/skeleton_proxy/skeleton_create_offer_seq.puml, use --fix to introduce it",false
Missing copyright header,score/mw/com/design/skeleton_proxy/skeleton_proxy_binding_model.puml,"Missing copyright header in: score/mw/com/design/skeleton_proxy/skeleton_proxy_binding_model.puml, use --fix to introduce it",false
Missing copyright header,score/mw/com/doc/tutorial/README.rst,"Missing copyright header in: score/mw/com/doc/tutorial/README.rst, use --fix to introduce it",false
Missing copyright header,score/mw/com/doc/tutorial/chapter_1/README.rst,"Missing copyright header in: score/mw/com/doc/tutorial/chapter_1/README.rst, use --fix to introduce it",false
Missing copyright header,score/mw/com/doc/tutorial/chapter_10/README.rst,"Missing copyright header in: score/mw/com/doc/tutorial/chapter_10/README.rst, use --fix to introduce it",false
Missing copyright header,score/mw/com/doc/tutorial/chapter_11/README.rst,"Missing copyright header in: score/mw/com/doc/tutorial/chapter_11/README.rst, use --fix to introduce it",false
Missing copyright header,score/mw/com/doc/tutorial/chapter_12/README.rst,"Missing copyright header in: score/mw/com/doc/tutorial/chapter_12/README.rst, use --fix to introduce it",false
Missing copyright header,score/mw/com/doc/tutorial/chapter_13/README.rst,"Missing copyright header in: score/mw/com/doc/tutorial/chapter_13/README.rst, use --fix to introduce it",false
Missing copyright header,score/mw/com/doc/tutorial/chapter_2/README.rst,"Missing copyright header in: score/mw/com/doc/tutorial/chapter_2/README.rst, use --fix to introduce it",false
Missing copyright header,score/mw/com/doc/tutorial/chapter_3/README.rst,"Missing copyright header in: score/mw/com/doc/tutorial/chapter_3/README.rst, use --fix to introduce it",false
Missing copyright header,score/mw/com/doc/tutorial/chapter_4/README.rst,"Missing copyright header in: score/mw/com/doc/tutorial/chapter_4/README.rst, use --fix to introduce it",false
Missing copyright header,score/mw/com/doc/tutorial/chapter_5/README.rst,"Missing copyright header in: score/mw/com/doc/tutorial/chapter_5/README.rst, use --fix to introduce it",false
Missing copyright header,score/mw/com/doc/tutorial/chapter_6/README.rst,"Missing copyright header in: score/mw/com/doc/tutorial/chapter_6/README.rst, use --fix to introduce it",false
Missing copyright header,score/mw/com/doc/tutorial/chapter_7/README.rst,"Missing copyright header in: score/mw/com/doc/tutorial/chapter_7/README.rst, use --fix to introduce it",false
Missing copyright header,score/mw/com/doc/tutorial/chapter_8/README.rst,"Missing copyright header in: score/mw/com/doc/tutorial/chapter_8/README.rst, use --fix to introduce it",false
Missing copyright header,score/mw/com/doc/tutorial/chapter_9/README.rst,"Missing copyright header in: score/mw/com/doc/tutorial/chapter_9/README.rst, use --fix to introduce it",false
Missing copyright header,score/mw/com/gateway/transport_layer/sample/sample_transport_test_resources.h,"Missing copyright header in: score/mw/com/gateway/transport_layer/sample/sample_transport_test_resources.h, use --fix to introduce it",false
Missing copyright header,score/mw/com/impl/bindings/lola/messaging/asil_specific_cfg.cpp,"Missing copyright header in: score/mw/com/impl/bindings/lola/messaging/asil_specific_cfg.cpp, use --fix to introduce it",false
Missing copyright header,score/mw/com/impl/bindings/lola/messaging/asil_specific_cfg.h,"Missing copyright header in: score/mw/com/impl/bindings/lola/messaging/asil_specific_cfg.h, use --fix to introduce it",false
Missing copyright header,score/mw/com/impl/bindings/lola/messaging/client_quality_type.cpp,"Missing copyright header in: score/mw/com/impl/bindings/lola/messaging/client_quality_type.cpp, use --fix to introduce it",false
Missing copyright header,score/mw/com/impl/bindings/lola/messaging/client_quality_type.h,"Missing copyright header in: score/mw/com/impl/bindings/lola/messaging/client_quality_type.h, use --fix to introduce it",false
Missing copyright header,score/mw/com/impl/bindings/lola/messaging/i_message_passing_service_instance.cpp,"Missing copyright header in: score/mw/com/impl/bindings/lola/messaging/i_message_passing_service_instance.cpp, use --fix to introduce it",false
Missing copyright header,score/mw/com/impl/bindings/lola/messaging/i_message_passing_service_instance_factory.cpp,"Missing copyright header in: score/mw/com/impl/bindings/lola/messaging/i_message_passing_service_instance_factory.cpp, use --fix to introduce it",false
Missing copyright header,score/mw/com/impl/bindings/lola/messaging/message_passing_service_instance_factory.cpp,"Missing copyright header in: score/mw/com/impl/bindings/lola/messaging/message_passing_service_instance_factory.cpp, use --fix to introduce it",false
Missing copyright header,score/mw/com/impl/bindings/lola/messaging/message_passing_service_instance_factory_mock.cpp,"Missing copyright header in: score/mw/com/impl/bindings/lola/messaging/message_passing_service_instance_factory_mock.cpp, use --fix to introduce it",false
Missing copyright header,score/mw/com/impl/bindings/lola/messaging/message_passing_service_instance_methods_test.cpp,"Missing copyright header in: score/mw/com/impl/bindings/lola/messaging/message_passing_service_instance_methods_test.cpp, use --fix to introduce it",false
Missing copyright header,score/mw/com/impl/bindings/lola/messaging/message_passing_service_instance_mock.cpp,"Missing copyright header in: score/mw/com/impl/bindings/lola/messaging/message_passing_service_instance_mock.cpp, use --fix to introduce it",false
Missing copyright header,score/mw/com/impl/bindings/lola/messaging/message_passing_service_instance_test.cpp,"Missing copyright header in: score/mw/com/impl/bindings/lola/messaging/message_passing_service_instance_test.cpp, use --fix to introduce it",false
Missing copyright header,score/mw/com/mocking/BUILD,"Missing copyright header in: score/mw/com/mocking/BUILD, use --fix to introduce it",false
Missing copyright header,score/mw/com/test/generic_skeleton/generic_generic_interaction_app.cpp,"Missing copyright header in: score/mw/com/test/generic_skeleton/generic_generic_interaction_app.cpp, use --fix to introduce it",false
Missing copyright header,third_party/score_requirement_model/BUILD,"Missing copyright header in: third_party/score_requirement_model/BUILD, use --fix to introduce it",false
Wrong copyright format,quality/api_surface/tests/all_private.h,"Wrong copyright format in: quality/api_surface/tests/all_private.h (similarity to template: 96%), expected format from template",false
Wrong copyright format,quality/api_surface/tests/basic_class.h,"Wrong copyright format in: quality/api_surface/tests/basic_class.h (similarity to template: 96%), expected format from template",false
Wrong copyright format,quality/api_surface/tests/constexpr_members.h,"Wrong copyright format in: quality/api_surface/tests/constexpr_members.h (similarity to template: 96%), expected format from template",false
Wrong copyright format,quality/api_surface/tests/cpp_attributes.h,"Wrong copyright format in: quality/api_surface/tests/cpp_attributes.h (similarity to template: 96%), expected format from template",false
Wrong copyright format,quality/api_surface/tests/enum_and_free_functions.h,"Wrong copyright format in: quality/api_surface/tests/enum_and_free_functions.h (similarity to template: 96%), expected format from template",false
Wrong copyright format,quality/api_surface/tests/extern_c.h,"Wrong copyright format in: quality/api_surface/tests/extern_c.h (similarity to template: 96%), expected format from template",false
Wrong copyright format,quality/api_surface/tests/extern_explicit.h,"Wrong copyright format in: quality/api_surface/tests/extern_explicit.h (similarity to template: 96%), expected format from template",false
Wrong copyright format,quality/api_surface/tests/forward_declared.h,"Wrong copyright format in: quality/api_surface/tests/forward_declared.h (similarity to template: 96%), expected format from template",false
Wrong copyright format,quality/api_surface/tests/globals.h,"Wrong copyright format in: quality/api_surface/tests/globals.h (similarity to template: 96%), expected format from template",false
Wrong copyright format,quality/api_surface/tests/inheritance.h,"Wrong copyright format in: quality/api_surface/tests/inheritance.h (similarity to template: 96%), expected format from template",false
Wrong copyright format,quality/api_surface/tests/internal_namespace.h,"Wrong copyright format in: quality/api_surface/tests/internal_namespace.h (similarity to template: 96%), expected format from template",false
Wrong copyright format,quality/api_surface/tests/member_function_templates.h,"Wrong copyright format in: quality/api_surface/tests/member_function_templates.h (similarity to template: 96%), expected format from template",false
Wrong copyright format,quality/api_surface/tests/multi_inheritance.h,"Wrong copyright format in: quality/api_surface/tests/multi_inheritance.h (similarity to template: 96%), expected format from template",false
Wrong copyright format,quality/api_surface/tests/private_changes.h,"Wrong copyright format in: quality/api_surface/tests/private_changes.h (similarity to template: 96%), expected format from template",false
Wrong copyright format,quality/api_surface/tests/private_changes_v2.h,"Wrong copyright format in: quality/api_surface/tests/private_changes_v2.h (similarity to template: 96%), expected format from template",false
Wrong copyright format,quality/api_surface/tests/protected_methods.h,"Wrong copyright format in: quality/api_surface/tests/protected_methods.h (similarity to template: 96%), expected format from template",false
Wrong copyright format,quality/api_surface/tests/ref_qualifiers.h,"Wrong copyright format in: quality/api_surface/tests/ref_qualifiers.h (similarity to template: 96%), expected format from template",false
Wrong copyright format,quality/api_surface/tests/result_type_regression.h,"Wrong copyright format in: quality/api_surface/tests/result_type_regression.h (similarity to template: 96%), expected format from template",false
Wrong copyright format,quality/api_surface/tests/result_type_support.h,"Wrong copyright format in: quality/api_surface/tests/result_type_support.h (similarity to template: 96%), expected format from template",false
Wrong copyright format,quality/api_surface/tests/sfinae.h,"Wrong copyright format in: quality/api_surface/tests/sfinae.h (similarity to template: 96%), expected format from template",false
Wrong copyright format,quality/api_surface/tests/template_alias.h,"Wrong copyright format in: quality/api_surface/tests/template_alias.h (similarity to template: 96%), expected format from template",false
Wrong copyright format,quality/api_surface/tests/type_alias.h,"Wrong copyright format in: quality/api_surface/tests/type_alias.h (similarity to template: 96%), expected format from template",false
Wrong copyright format,quality/api_surface/tests/types_in_signatures.h,"Wrong copyright format in: quality/api_surface/tests/types_in_signatures.h (similarity to template: 96%), expected format from template",false
Wrong copyright format,quality/compiler_warnings/test/BUILD,"Wrong copyright format in: quality/compiler_warnings/test/BUILD (similarity to template: 97%), expected format from template",false
Wrong copyright format,quality/compiler_warnings/test/has_warnings/cast_qual.cpp,"Wrong copyright format in: quality/compiler_warnings/test/has_warnings/cast_qual.cpp (similarity to template: 96%), expected format from template",false
Wrong copyright format,quality/compiler_warnings/test/has_warnings/conversion.cpp,"Wrong copyright format in: quality/compiler_warnings/test/has_warnings/conversion.cpp (similarity to template: 96%), expected format from template",false
Wrong copyright format,quality/compiler_warnings/test/has_warnings/delete_non_virtual_dtor.cpp,"Wrong copyright format in: quality/compiler_warnings/test/has_warnings/delete_non_virtual_dtor.cpp (similarity to template: 96%), expected format from template",false
Wrong copyright format,quality/compiler_warnings/test/has_warnings/overloaded_virtual.cpp,"Wrong copyright format in: quality/compiler_warnings/test/has_warnings/overloaded_virtual.cpp (similarity to template: 96%), expected format from template",false
Wrong copyright format,quality/compiler_warnings/test/has_warnings/shadow.cpp,"Wrong copyright format in: quality/compiler_warnings/test/has_warnings/shadow.cpp (similarity to template: 96%), expected format from template",false
Wrong copyright format,quality/compiler_warnings/test/has_warnings/sign_compare.cpp,"Wrong copyright format in: quality/compiler_warnings/test/has_warnings/sign_compare.cpp (similarity to template: 96%), expected format from template",false
Wrong copyright format,quality/compiler_warnings/test/has_warnings/undef.cpp,"Wrong copyright format in: quality/compiler_warnings/test/has_warnings/undef.cpp (similarity to template: 96%), expected format from template",false
Wrong copyright format,quality/compiler_warnings/test/no_warnings/clean.cpp,"Wrong copyright format in: quality/compiler_warnings/test/no_warnings/clean.cpp (similarity to template: 96%), expected format from template",false
Wrong copyright format,score/memory/shared/test/dynamic_array_in_shm_test/dynamic_array_sct.cpp,"Wrong copyright format in: score/memory/shared/test/dynamic_array_in_shm_test/dynamic_array_sct.cpp (similarity to template: 96%), expected format from template",false
Wrong copyright format,score/mw/com/dependability/safety_analysis/root_causes/proxy/call_method/call_blocks_fta.puml,"Wrong copyright format in: score/mw/com/dependability/safety_analysis/root_causes/proxy/call_method/call_blocks_fta.puml (similarity to template: 99%), expected format from template",false
Wrong copyright format,score/mw/com/dependability/safety_analysis/root_causes/proxy/call_method/wrong_in_args_provided_fta.puml,"Wrong copyright format in: score/mw/com/dependability/safety_analysis/root_causes/proxy/call_method/wrong_in_args_provided_fta.puml (similarity to template: 99%), expected format from template",false
Wrong copyright format,score/mw/com/dependability/safety_analysis/root_causes/proxy/call_method/wrong_results_used_fta.puml,"Wrong copyright format in: score/mw/com/dependability/safety_analysis/root_causes/proxy/call_method/wrong_results_used_fta.puml (similarity to template: 99%), expected format from template",false
Wrong copyright format,score/mw/com/dependability/safety_analysis/root_causes/proxy/construction/service_is_found_but_does_not_exist_fta.puml,"Wrong copyright format in: score/mw/com/dependability/safety_analysis/root_causes/proxy/construction/service_is_found_but_does_not_exist_fta.puml (similarity to template: 99%), expected format from template",false
Wrong copyright format,score/mw/com/dependability/safety_analysis/root_causes/proxy/find_service/service_not_found_fta.puml,"Wrong copyright format in: score/mw/com/dependability/safety_analysis/root_causes/proxy/find_service/service_not_found_fta.puml (similarity to template: 99%), expected format from template",false
Wrong copyright format,score/mw/com/dependability/safety_analysis/root_causes/proxy/find_service/wrong_service_found_fta.puml,"Wrong copyright format in: score/mw/com/dependability/safety_analysis/root_causes/proxy/find_service/wrong_service_found_fta.puml (similarity to template: 99%), expected format from template",false
Wrong copyright format,score/mw/com/dependability/safety_analysis/root_causes/proxy/generic_proxy/generic_proxy_event/getsamplesize_from_generic_proxy_event/the_size_returned_is_bigger_then_actual_value_fta.puml,"Wrong copyright format in: score/mw/com/dependability/safety_analysis/root_causes/proxy/generic_proxy/generic_proxy_event/getsamplesize_from_generic_proxy_event/the_size_returned_is_bigger_then_actual_value_fta.puml (similarity to template: 99%), expected format from template",false
Wrong copyright format,score/mw/com/dependability/safety_analysis/root_causes/proxy/generic_proxy/getting_access_to_generic_proxy_events/map_containing_nonexistent_events_fta.puml,"Wrong copyright format in: score/mw/com/dependability/safety_analysis/root_causes/proxy/generic_proxy/getting_access_to_generic_proxy_events/map_containing_nonexistent_events_fta.puml (similarity to template: 99%), expected format from template",false
Wrong copyright format,score/mw/com/dependability/safety_analysis/root_causes/proxy/get_new_samples_on_an_event/callback_invoked_with_wrong_data_fta.puml,"Wrong copyright format in: score/mw/com/dependability/safety_analysis/root_causes/proxy/get_new_samples_on_an_event/callback_invoked_with_wrong_data_fta.puml (similarity to template: 99%), expected format from template",false
Wrong copyright format,score/mw/com/dependability/safety_analysis/root_causes/proxy/get_new_samples_on_an_event/callback_not_invoked_despite_samples_available_fta.puml,"Wrong copyright format in: score/mw/com/dependability/safety_analysis/root_causes/proxy/get_new_samples_on_an_event/callback_not_invoked_despite_samples_available_fta.puml (similarity to template: 99%), expected format from template",false
Wrong copyright format,score/mw/com/dependability/safety_analysis/root_causes/proxy/start_find_service_construction/start_find_service_callback_is_redundantly_called_fta.puml,"Wrong copyright format in: score/mw/com/dependability/safety_analysis/root_causes/proxy/start_find_service_construction/start_find_service_callback_is_redundantly_called_fta.puml (similarity to template: 99%), expected format from template",false
Wrong copyright format,score/mw/com/dependability/safety_analysis/root_causes/proxy/subscribe_for_an_event/subscribe_with_wrong_max_sample_count_fta.puml,"Wrong copyright format in: score/mw/com/dependability/safety_analysis/root_causes/proxy/subscribe_for_an_event/subscribe_with_wrong_max_sample_count_fta.puml (similarity to template: 99%), expected format from template",false
Wrong copyright format,score/mw/com/dependability/safety_analysis/root_causes/proxy/unsubscribe_for_an_event/does_not_unsubscribe_fta.puml,"Wrong copyright format in: score/mw/com/dependability/safety_analysis/root_causes/proxy/unsubscribe_for_an_event/does_not_unsubscribe_fta.puml (similarity to template: 99%), expected format from template",false
Wrong copyright format,score/mw/com/dependability/safety_analysis/root_causes/skeleton/allocate_an_event_or_field/allocate_in_wrong_memory_fta.puml,"Wrong copyright format in: score/mw/com/dependability/safety_analysis/root_causes/skeleton/allocate_an_event_or_field/allocate_in_wrong_memory_fta.puml (similarity to template: 99%), expected format from template",false
Wrong copyright format,score/mw/com/dependability/safety_analysis/root_causes/skeleton/creation/creation_of_skeleton_not_possible_fta.puml,"Wrong copyright format in: score/mw/com/dependability/safety_analysis/root_causes/skeleton/creation/creation_of_skeleton_not_possible_fta.puml (similarity to template: 99%), expected format from template",false
Wrong copyright format,score/mw/com/dependability/safety_analysis/root_causes/skeleton/destruction/no_resources_freed_fta.puml,"Wrong copyright format in: score/mw/com/dependability/safety_analysis/root_causes/skeleton/destruction/no_resources_freed_fta.puml (similarity to template: 99%), expected format from template",false
Wrong copyright format,score/mw/com/dependability/safety_analysis/root_causes/skeleton/destruction/wrong_resources_freed_fta.puml,"Wrong copyright format in: score/mw/com/dependability/safety_analysis/root_causes/skeleton/destruction/wrong_resources_freed_fta.puml (similarity to template: 99%), expected format from template",false
Wrong copyright format,score/mw/com/dependability/safety_analysis/root_causes/skeleton/handle_method_call/wrong_in_args_used_fta.puml,"Wrong copyright format in: score/mw/com/dependability/safety_analysis/root_causes/skeleton/handle_method_call/wrong_in_args_used_fta.puml (similarity to template: 99%), expected format from template",false
Wrong copyright format,score/mw/com/dependability/safety_analysis/root_causes/skeleton/handle_method_call/wrong_method_called_fta.puml,"Wrong copyright format in: score/mw/com/dependability/safety_analysis/root_causes/skeleton/handle_method_call/wrong_method_called_fta.puml (similarity to template: 99%), expected format from template",false
Wrong copyright format,score/mw/com/dependability/safety_analysis/root_causes/skeleton/handle_method_call/wrong_results_provided_fta.puml,"Wrong copyright format in: score/mw/com/dependability/safety_analysis/root_causes/skeleton/handle_method_call/wrong_results_provided_fta.puml (similarity to template: 99%), expected format from template",false
Wrong copyright format,score/mw/com/dependability/safety_analysis/root_causes/skeleton/offer_a_service/offers_already_offered_service_fta.puml,"Wrong copyright format in: score/mw/com/dependability/safety_analysis/root_causes/skeleton/offer_a_service/offers_already_offered_service_fta.puml (similarity to template: 99%), expected format from template",false
Wrong copyright format,score/mw/com/dependability/safety_analysis/root_causes/skeleton/offer_a_service/only_partially_offered_fta.puml,"Wrong copyright format in: score/mw/com/dependability/safety_analysis/root_causes/skeleton/offer_a_service/only_partially_offered_fta.puml (similarity to template: 99%), expected format from template",false
Wrong copyright format,score/mw/com/dependability/safety_analysis/root_causes/skeleton/offer_a_service/service_offered_under_wrong_id_fta.puml,"Wrong copyright format in: score/mw/com/dependability/safety_analysis/root_causes/skeleton/offer_a_service/service_offered_under_wrong_id_fta.puml (similarity to template: 99%), expected format from template",false
Wrong copyright format,score/mw/com/dependability/safety_analysis/root_causes/skeleton/offer_a_service/skeleton_not_offered_fta.puml,"Wrong copyright format in: score/mw/com/dependability/safety_analysis/root_causes/skeleton/offer_a_service/skeleton_not_offered_fta.puml (similarity to template: 99%), expected format from template",false
Wrong copyright format,score/mw/com/dependability/safety_analysis/root_causes/skeleton/offer_a_service/skeleton_not_offered_without_initial_fieled_value_fta.puml,"Wrong copyright format in: score/mw/com/dependability/safety_analysis/root_causes/skeleton/offer_a_service/skeleton_not_offered_without_initial_fieled_value_fta.puml (similarity to template: 99%), expected format from template",false
Wrong copyright format,score/mw/com/dependability/safety_analysis/root_causes/skeleton/offer_a_service/skeleton_offered_wrong_binding_fta.puml,"Wrong copyright format in: score/mw/com/dependability/safety_analysis/root_causes/skeleton/offer_a_service/skeleton_offered_wrong_binding_fta.puml (similarity to template: 99%), expected format from template",false
Wrong copyright format,score/mw/com/dependability/safety_analysis/root_causes/skeleton/send_an_event_or_field/changes_user_data_fta.puml,"Wrong copyright format in: score/mw/com/dependability/safety_analysis/root_causes/skeleton/send_an_event_or_field/changes_user_data_fta.puml (similarity to template: 99%), expected format from template",false
Wrong copyright format,score/mw/com/dependability/safety_analysis/root_causes/skeleton/send_an_event_or_field/does_not_free_resources_after_usage_fta.puml,"Wrong copyright format in: score/mw/com/dependability/safety_analysis/root_causes/skeleton/send_an_event_or_field/does_not_free_resources_after_usage_fta.puml (similarity to template: 99%), expected format from template",false
Wrong copyright format,score/mw/com/dependability/safety_analysis/root_causes/skeleton/send_an_event_or_field/only_partially_notifies_user_fta.puml,"Wrong copyright format in: score/mw/com/dependability/safety_analysis/root_causes/skeleton/send_an_event_or_field/only_partially_notifies_user_fta.puml (similarity to template: 99%), expected format from template",false
Wrong copyright format,score/mw/com/dependability/safety_analysis/root_causes/skeleton/send_an_event_or_field/sends_to_wrong_consumer_fta.puml,"Wrong copyright format in: score/mw/com/dependability/safety_analysis/root_causes/skeleton/send_an_event_or_field/sends_to_wrong_consumer_fta.puml (similarity to template: 99%), expected format from template",false
Wrong copyright format,score/mw/com/dependability/safety_analysis/root_causes/skeleton/stop_offer_a_service/offer_not_stopped_in_sd_fta.puml,"Wrong copyright format in: score/mw/com/dependability/safety_analysis/root_causes/skeleton/stop_offer_a_service/offer_not_stopped_in_sd_fta.puml (similarity to template: 99%), expected format from template",false
Wrong copyright format,score/mw/com/dependability/safety_analysis/root_causes/skeleton/stop_offer_a_service/offer_stopped_for_wrong_instance_in_sd_fta.puml,"Wrong copyright format in: score/mw/com/dependability/safety_analysis/root_causes/skeleton/stop_offer_a_service/offer_stopped_for_wrong_instance_in_sd_fta.puml (similarity to template: 99%), expected format from template",false
Wrong copyright format,score/mw/com/dependability/safety_analysis/root_causes/skeleton/stop_offer_a_service/shm_objects_unlink_failure_fta.puml,"Wrong copyright format in: score/mw/com/dependability/safety_analysis/root_causes/skeleton/stop_offer_a_service/shm_objects_unlink_failure_fta.puml (similarity to template: 99%), expected format from template",false
Wrong copyright format,score/mw/com/dependability/safety_analysis/root_causes/skeleton/stop_offer_a_service/stop_offer_state_inconsistent_fta.puml,"Wrong copyright format in: score/mw/com/dependability/safety_analysis/root_causes/skeleton/stop_offer_a_service/stop_offer_state_inconsistent_fta.puml (similarity to template: 99%), expected format from template",false
Wrong copyright format,score/mw/com/dependability/safety_analysis/root_causes/smart_pointer/method_signature_element_ptr/failure_freeing_resources_on_destruction_fta.puml,"Wrong copyright format in: score/mw/com/dependability/safety_analysis/root_causes/smart_pointer/method_signature_element_ptr/failure_freeing_resources_on_destruction_fta.puml (similarity to template: 99%), expected format from template",false
Wrong copyright format,score/mw/com/dependability/safety_analysis/root_causes/smart_pointer/method_signature_element_ptr/points_to_wrong_data_fta.puml,"Wrong copyright format in: score/mw/com/dependability/safety_analysis/root_causes/smart_pointer/method_signature_element_ptr/points_to_wrong_data_fta.puml (similarity to template: 99%), expected format from template",false
Wrong copyright format,score/mw/com/dependability/safety_analysis/root_causes/smart_pointer/sample_ptr_sample_allocate_ptr/does_not_update_free_sample_count_correctly_fta.puml,"Wrong copyright format in: score/mw/com/dependability/safety_analysis/root_causes/smart_pointer/sample_ptr_sample_allocate_ptr/does_not_update_free_sample_count_correctly_fta.puml (similarity to template: 99%), expected format from template",false
Wrong copyright format,score/mw/com/test/all_service_elements/consumer.cpp,"Wrong copyright format in: score/mw/com/test/all_service_elements/consumer.cpp (similarity to template: 99%), expected format from template",false
Wrong copyright format,score/mw/com/test/all_service_elements/consumer.h,"Wrong copyright format in: score/mw/com/test/all_service_elements/consumer.h (similarity to template: 99%), expected format from template",false
Wrong copyright format,score/mw/com/test/all_service_elements/main_consumer.cpp,"Wrong copyright format in: score/mw/com/test/all_service_elements/main_consumer.cpp (similarity to template: 99%), expected format from template",false
Wrong copyright format,score/mw/com/test/all_service_elements/main_consumer_and_provider.cpp,"Wrong copyright format in: score/mw/com/test/all_service_elements/main_consumer_and_provider.cpp (similarity to template: 99%), expected format from template",false
Wrong copyright format,score/mw/com/test/all_service_elements/main_provider.cpp,"Wrong copyright format in: score/mw/com/test/all_service_elements/main_provider.cpp (similarity to template: 99%), expected format from template",false
Wrong copyright format,score/mw/com/test/all_service_elements/provider.cpp,"Wrong copyright format in: score/mw/com/test/all_service_elements/provider.cpp (similarity to template: 99%), expected format from template",false
Wrong copyright format,score/mw/com/test/all_service_elements/provider.h,"Wrong copyright format in: score/mw/com/test/all_service_elements/provider.h (similarity to template: 99%), expected format from template",false
Wrong copyright format,score/mw/com/test/all_service_elements/test_constants.cpp,"Wrong copyright format in: score/mw/com/test/all_service_elements/test_constants.cpp (similarity to template: 99%), expected format from template",false
Wrong copyright format,score/mw/com/test/all_service_elements/test_constants.h,"Wrong copyright format in: score/mw/com/test/all_service_elements/test_constants.h (similarity to template: 99%), expected format from template",false
Wrong copyright format,score/mw/com/test/generic_skeleton/BUILD.bazel,"Wrong copyright format in: score/mw/com/test/generic_skeleton/BUILD.bazel (similarity to template: 83%), expected format from template",false
Wrong copyright format,score/mw/com/test/generic_skeleton/integration_test/BUILD.bazel,"Wrong copyright format in: score/mw/com/test/generic_skeleton/integration_test/BUILD.bazel (similarity to template: 83%), expected format from template",false
Wrong copyright format,score/mw/com/test/generic_skeleton/integration_test/test_generic_generic_interaction.py,"Wrong copyright format in: score/mw/com/test/generic_skeleton/integration_test/test_generic_generic_interaction.py (similarity to template: 83%), expected format from template",false
Wrong copyright format,score/mw/com/test/generic_skeleton/integration_test/test_generic_typed_interaction.py,"Wrong copyright format in: score/mw/com/test/generic_skeleton/integration_test/test_generic_typed_interaction.py (similarity to template: 83%), expected format from template",false
Wrong copyright format,score/mw/com/test/shared_memory_storage/BUILD,"Wrong copyright format in: score/mw/com/test/shared_memory_storage/BUILD (similarity to template: 96%), expected format from template",false
Wrong copyright format,score/mw/service/design/sequence_managed_service_client_usage.puml,"Wrong copyright format in: score/mw/service/design/sequence_managed_service_client_usage.puml (similarity to template: 83%), expected format from template",false
Wrong copyright format,score/mw/service/design/sequence_service_discovery.puml,"Wrong copyright format in: score/mw/service/design/sequence_service_discovery.puml (similarity to template: 83%), expected format from template",false
Wrong copyright format,score/mw/service/design/sequence_stop_app_owned.puml,"Wrong copyright format in: score/mw/service/design/sequence_stop_app_owned.puml (similarity to template: 83%), expected format from template",false
Wrong copyright format,score/mw/service/design/sequence_stop_container_owned.puml,"Wrong copyright format in: score/mw/service/design/sequence_stop_container_owned.puml (similarity to template: 83%), expected format from template",false
Wrong copyright format,score/mw/service/design/static_design_proxy.puml,"Wrong copyright format in: score/mw/service/design/static_design_proxy.puml (similarity to template: 83%), expected format from template",false
